bulbasaur,64,0,0,0,1,0,0,1
ivysaur,141,0,0,0,1,1,0,2
venusaur,208,0,0,0,2,1,0,3
charmander,65,0,0,0,0,0,1,1
charmeleon,142,0,0,0,1,0,1,2
charizard,209,0,0,0,3,0,0,3
squirtle,66,0,0,1,0,0,0,1
wartortle,143,0,0,1,0,1,0,2
blastoise,210,0,0,0,0,3,0,3
caterpie,53,1,0,0,0,0,0,1
metapod,72,0,0,2,0,0,0,2
butterfree,160,0,0,0,2,1,0,3
weedle,52,0,0,0,0,0,1,1
kakuna,71,0,0,2,0,0,0,2
beedrill,159,0,2,0,0,1,0,3
pidgey,55,0,0,0,0,0,1,1
pidgeotto,113,0,0,0,0,0,2,2
pidgeot,172,0,0,0,0,0,3,3
rattata,57,0,0,0,0,0,1,1
raticate,116,0,0,0,0,0,2,2
spearow,58,0,0,0,0,0,1,1
fearow,162,0,0,0,0,0,2,2
ekans,62,0,1,0,0,0,0,1
arbok,147,0,2,0,0,0,0,2
pikachu,82,0,0,0,0,0,2,2
raichu,122,0,0,0,0,0,3,3
sandshrew,93,0,0,1,0,0,0,1
sandslash,163,0,0,2,0,0,0,2
nidoran-f,59,1,0,0,0,0,0,1
nidorina,117,2,0,0,0,0,0,2
nidoqueen,194,3,0,0,0,0,0,3
nidoran-m,60,0,1,0,0,0,0,1
nidorino,118,0,2,0,0,0,0,2
nidoking,195,0,3,0,0,0,0,3
clefairy,68,2,0,0,0,0,0,2
clefable,129,3,0,0,0,0,0,3
vulpix,63,0,0,0,0,0,1,1
ninetales,178,0,0,0,0,1,1,2
jigglypuff,76,2,0,0,0,0,0,2
wigglytuff,109,3,0,0,0,0,0,3
zubat,54,0,0,0,0,0,1,1
golbat,171,0,0,0,0,0,2,2
oddish,78,0,0,0,1,0,0,1
gloom,132,0,0,0,2,0,0,2
vileplume,184,0,0,0,3,0,0,3
paras,70,0,1,0,0,0,0,1
parasect,128,0,2,1,0,0,0,3
venonat,75,0,0,0,0,1,0,1
venomoth,138,0,0,0,1,0,1,2
diglett,81,0,0,0,0,0,1,1
dugtrio,153,0,0,0,0,0,2,2
meowth,69,0,0,0,0,0,1,1
persian,148,0,0,0,0,0,2,2
psyduck,80,0,0,0,1,0,0,1
golduck,174,0,0,0,2,0,0,2
mankey,74,0,1,0,0,0,0,1
primeape,149,0,2,0,0,0,0,2
growlithe,91,0,1,0,0,0,0,1
arcanine,213,0,2,0,0,0,0,2
poliwag,77,0,0,0,0,0,1,1
poliwhirl,131,0,0,0,0,0,2,2
poliwrath,185,0,0,3,0,0,0,3
abra,73,0,0,0,1,0,0,1
kadabra,145,0,0,0,2,0,0,2
alakazam,186,0,0,0,3,0,0,3
machop,88,0,1,0,0,0,0,1
machoke,146,0,2,0,0,0,0,2
machamp,193,0,3,0,0,0,0,3
bellsprout,84,0,1,0,0,0,0,1
weepinbell,151,0,2,0,0,0,0,2
victreebel,191,0,3,0,0,0,0,3
tentacool,105,0,0,0,0,1,0,1
tentacruel,205,0,0,0,0,2,0,2
geodude,86,0,0,1,0,0,0,1
graveler,134,0,0,2,0,0,0,2
golem,177,0,0,3,0,0,0,3
ponyta,152,0,0,0,0,0,1,1
rapidash,192,0,0,0,0,0,2,2
slowpoke,99,1,0,0,0,0,0,1
slowbro,164,0,0,2,0,0,0,2
magnemite,89,0,0,0,1,0,0,1
magneton,161,0,0,0,2,0,0,2
farfetchd,94,0,1,0,0,0,0,1
doduo,96,0,1,0,0,0,0,1
dodrio,158,0,2,0,0,0,0,2
seel,100,0,0,0,0,1,0,1
dewgong,176,0,0,0,0,2,0,2
grimer,90,1,0,0,0,0,0,1
muk,157,1,1,0,0,0,0,2
shellder,97,0,0,1,0,0,0,1
cloyster,203,0,0,2,0,0,0,2
gastly,95,0,0,0,1,0,0,1
haunter,126,0,0,0,2,0,0,2
gengar,190,0,0,0,3,0,0,3
onix,108,0,0,1,0,0,0,1
drowzee,102,0,0,0,0,1,0,1
hypno,165,0,0,0,0,2,0,2
krabby,115,0,1,0,0,0,0,1
kingler,206,0,2,0,0,0,0,2
voltorb,103,0,0,0,0,0,1,1
electrode,150,0,0,0,0,0,2,2
exeggcute,98,0,0,1,0,0,0,1
exeggutor,212,0,0,0,2,0,0,2
cubone,87,0,0,1,0,0,0,1
marowak,124,0,0,2,0,0,0,2
hitmonlee,139,0,2,0,0,0,0,2
hitmonchan,140,0,0,0,0,2,0,2
lickitung,127,2,0,0,0,0,0,2
koffing,114,0,0,1,0,0,0,1
weezing,173,0,0,2,0,0,0,2
rhyhorn,135,0,0,1,0,0,0,1
rhydon,204,0,2,0,0,0,0,2
chansey,255,2,0,0,0,0,0,2
tangela,166,0,0,1,0,0,0,1
kangaskhan,175,2,0,0,0,0,0,2
horsea,83,0,0,0,1,0,0,1
seadra,155,0,0,1,1,0,0,2
goldeen,111,0,1,0,0,0,0,1
seaking,170,0,2,0,0,0,0,2
staryu,106,0,0,0,0,0,1,1
starmie,207,0,0,0,0,0,2,2
mr-mime,136,0,0,0,0,2,0,2
scyther,187,0,1,0,0,0,0,1
jynx,137,0,0,0,2,0,0,2
electabuzz,156,0,0,0,0,0,2,2
magmar,167,0,0,0,2,0,0,2
pinsir,200,0,2,0,0,0,0,2
tauros,211,0,1,0,0,0,1,2
magikarp,20,0,0,0,0,0,1,1
gyarados,214,0,2,0,0,0,0,2
lapras,219,2,0,0,0,0,0,2
ditto,61,1,0,0,0,0,0,1
eevee,92,0,0,0,0,1,0,1
vaporeon,196,2,0,0,0,0,0,2
jolteon,197,0,0,0,0,0,2,2
flareon,198,0,2,0,0,0,0,2
porygon,130,0,0,0,1,0,0,1
omanyte,120,0,0,1,0,0,0,1
omastar,199,0,0,2,0,0,0,2
kabuto,119,0,0,1,0,0,0,1
kabutops,201,0,2,0,0,0,0,2
aerodactyl,202,0,0,0,0,0,2,2
snorlax,154,2,0,0,0,0,0,2
articuno,215,0,0,0,0,3,0,3
zapdos,216,0,0,0,3,0,0,3
moltres,217,0,0,0,3,0,0,3
dratini,67,0,1,0,0,0,0,1
dragonair,144,0,2,0,0,0,0,2
dragonite,218,0,3,0,0,0,0,3
mewtwo,220,0,0,0,3,0,0,3
mew,64,3,0,0,0,0,0,3
chikorita,64,0,0,0,0,1,0,1
bayleef,141,0,0,1,0,1,0,2
meganium,208,0,0,1,0,2,0,3
cyndaquil,65,0,0,0,0,0,1,1
quilava,142,0,0,0,1,0,1,2
typhlosion,209,0,0,0,3,0,0,3
totodile,66,0,1,0,0,0,0,1
croconaw,143,0,1,1,0,0,0,2
feraligatr,210,0,2,1,0,0,0,3
sentret,57,0,1,0,0,0,0,1
furret,116,0,0,0,0,0,2,2
hoothoot,58,1,0,0,0,0,0,1
noctowl,162,2,0,0,0,0,0,2
ledyba,54,0,0,0,0,1,0,1
ledian,134,0,0,0,0,2,0,2
spinarak,54,0,1,0,0,0,0,1
ariados,134,0,2,0,0,0,0,2
crobat,204,0,0,0,0,0,3,3
chinchou,90,1,0,0,0,0,0,1
lanturn,156,2,0,0,0,0,0,2
pichu,42,0,0,0,0,0,1,1
cleffa,37,0,0,0,0,1,0,1
igglybuff,39,1,0,0,0,0,0,1
togepi,74,0,0,0,0,1,0,1
togetic,114,0,0,0,0,2,0,2
natu,73,0,0,0,1,0,0,1
xatu,171,0,0,0,1,0,1,2
mareep,59,0,0,0,1,0,0,1
flaaffy,117,0,0,0,2,0,0,2
ampharos,194,0,0,0,3,0,0,3
bellossom,184,0,0,0,0,3,0,3
marill,58,2,0,0,0,0,0,2
azumarill,153,3,0,0,0,0,0,3
sudowoodo,135,0,0,2,0,0,0,2
politoed,185,0,0,0,0,3,0,3
hoppip,74,0,0,0,0,1,0,1
skiploom,136,0,0,0,0,0,2,2
jumpluff,176,0,0,0,0,0,3,3
aipom,94,0,0,0,0,0,1,1
sunkern,52,0,0,0,1,0,0,1
sunflora,146,0,0,0,2,0,0,2
yanma,147,0,0,0,0,0,2,2
wooper,52,1,0,0,0,0,0,1
quagsire,137,2,0,0,0,0,0,2
espeon,197,0,0,0,2,0,0,2
umbreon,197,0,0,0,0,2,0,2
murkrow,107,0,0,0,0,0,1,1
slowking,164,0,0,0,0,3,0,3
misdreavus,147,0,0,0,1,1,0,2
unown,61,0,1,0,1,0,0,2
wobbuffet,177,2,0,0,0,0,0,2
girafarig,149,0,0,0,2,0,0,2
pineco,60,0,0,1,0,0,0,1
forretress,118,0,0,2,0,0,0,2
dunsparce,75,1,0,0,0,0,0,1
gligar,108,0,0,1,0,0,0,1
steelix,196,0,0,2,0,0,0,2
snubbull,63,0,1,0,0,0,0,1
granbull,178,0,2,0,0,0,0,2
qwilfish,100,0,1,0,0,0,0,1
scizor,200,0,2,0,0,0,0,2
shuckle,80,0,0,1,0,1,0,2
heracross,200,0,2,0,0,0,0,2
sneasel,132,0,0,0,0,0,1,1
teddiursa,124,0,1,0,0,0,0,1
ursaring,189,0,2,0,0,0,0,2
slugma,78,0,0,0,1,0,0,1
magcargo,154,0,0,2,0,0,0,2
swinub,78,0,1,0,0,0,0,1
piloswine,160,1,1,0,0,0,0,2
corsola,113,0,0,1,0,1,0,2
remoraid,78,0,0,0,1,0,0,1
octillery,164,0,1,0,1,0,0,2
delibird,183,0,0,0,0,0,1,1
mantine,168,0,0,0,0,2,0,2
skarmory,168,0,0,2,0,0,0,2
houndour,114,0,0,0,1,0,0,1
houndoom,204,0,0,0,2,0,0,2
kingdra,207,0,1,0,1,1,0,3
phanpy,124,1,0,0,0,0,0,1
donphan,189,0,1,1,0,0,0,2
porygon2,180,0,0,0,2,0,0,2
stantler,165,0,1,0,0,0,0,1
smeargle,106,0,0,0,0,0,1,1
tyrogue,91,0,1,0,0,0,0,1
hitmontop,138,0,0,0,0,2,0,2
smoochum,87,0,0,0,1,0,0,1
elekid,106,0,0,0,0,0,1,1
magby,117,0,0,0,0,0,1,1
miltank,200,0,0,2,0,0,0,2
blissey,255,2,0,0,0,0,0,2
raikou,216,0,0,0,1,0,2,3
entei,217,1,2,0,0,0,0,3
suicune,215,0,0,1,0,2,0,3
larvitar,67,0,1,0,0,0,0,1
pupitar,144,0,2,0,0,0,0,2
tyranitar,218,0,3,0,0,0,0,3
lugia,220,0,0,0,0,3,0,3
ho-oh,220,0,0,0,0,3,0,3
celebi,64,3,0,0,0,0,0,3
treecko,65,0,0,0,0,0,1,1
grovyle,141,0,0,0,0,0,2,2
sceptile,208,0,0,0,0,0,3,3
torchic,65,0,0,0,1,0,0,1
combusken,142,0,1,0,1,0,0,2
blaziken,209,0,3,0,0,0,0,3
mudkip,65,0,1,0,0,0,0,1
marshtomp,143,0,2,0,0,0,0,2
swampert,210,0,3,0,0,0,0,3
poochyena,55,0,1,0,0,0,0,1
mightyena,128,0,2,0,0,0,0,2
zigzagoon,60,0,0,0,0,0,1,1
linoone,128,0,0,0,0,0,2,2
wurmple,54,1,0,0,0,0,0,1
silcoon,71,0,0,2,0,0,0,2
beautifly,161,0,0,0,3,0,0,3
cascoon,72,0,0,2,0,0,0,2
dustox,160,0,0,0,0,3,0,3
lotad,74,0,0,0,0,1,0,1
lombre,141,0,0,0,0,2,0,2
ludicolo,181,0,0,0,0,3,0,3
seedot,74,0,0,1,0,0,0,1
nuzleaf,141,0,2,0,0,0,0,2
shiftry,181,0,3,0,0,0,0,3
taillow,59,0,0,0,0,0,1,1
swellow,162,0,0,0,0,0,2,2
wingull,64,0,0,0,0,0,1,1
pelipper,164,0,0,2,0,0,0,2
ralts,70,0,0,0,1,0,0,1
kirlia,140,0,0,0,2,0,0,2
gardevoir,208,0,0,0,3,0,0,3
surskit,63,0,0,0,0,0,1,1
masquerain,128,0,0,0,1,1,0,2
shroomish,65,1,0,0,0,0,0,1
breloom,165,0,2,0,0,0,0,2
slakoth,83,1,0,0,0,0,0,1
vigoroth,126,0,0,0,0,0,2,2
slaking,210,3,0,0,0,0,0,3
nincada,65,0,0,1,0,0,0,1
ninjask,155,0,0,0,0,0,2,2
shedinja,95,2,0,0,0,0,0,2
whismur,68,1,0,0,0,0,0,1
loudred,126,2,0,0,0,0,0,2
exploud,184,3,0,0,0,0,0,3
makuhita,87,1,0,0,0,0,0,1
hariyama,184,2,0,0,0,0,0,2
azurill,33,1,0,0,0,0,0,1
nosepass,108,0,0,1,0,0,0,1
skitty,65,0,0,0,0,0,1,1
delcatty,138,1,0,0,0,0,1,2
sableye,98,0,1,1,0,0,0,2
mawile,98,0,1,1,0,0,0,2
aron,96,0,0,1,0,0,0,1
lairon,152,0,0,2,0,0,0,2
aggron,205,0,0,3,0,0,0,3
meditite,91,0,0,0,0,0,1,1
medicham,153,0,0,0,0,0,2,2
electrike,104,0,0,0,0,0,1,1
manectric,168,0,0,0,0,0,2,2
plusle,120,0,0,0,0,0,1,1
minun,120,0,0,0,0,0,1,1
volbeat,146,0,0,0,0,0,1,1
illumise,146,0,0,0,0,0,1,1
roselia,152,0,0,0,1,0,0,1
gulpin,75,1,0,0,0,0,0,1
swalot,168,2,0,0,0,0,0,2
carvanha,88,0,1,0,0,0,0,1
sharpedo,175,0,2,0,0,0,0,2
wailmer,137,1,0,0,0,0,0,1
wailord,206,2,0,0,0,0,0,2
numel,88,0,0,0,1,0,0,1
camerupt,175,0,1,0,1,0,0,2
torkoal,161,0,0,2,0,0,0,2
spoink,89,0,0,0,0,1,0,1
grumpig,164,0,0,0,0,2,0,2
spinda,85,0,0,0,1,0,0,1
trapinch,73,0,1,0,0,0,0,1
vibrava,126,0,1,0,0,0,1,2
flygon,197,0,1,0,0,0,2,3
cacnea,97,0,0,0,1,0,0,1
cacturne,177,0,1,0,1,0,0,2
swablu,74,0,0,0,0,1,0,1
altaria,188,0,0,0,0,2,0,2
zangoose,165,0,2,0,0,0,0,2
seviper,165,0,1,0,1,0,0,2
lunatone,150,0,0,0,2,0,0,2
solrock,150,0,2,0,0,0,0,2
barboach,92,1,0,0,0,0,0,1
whiscash,158,2,0,0,0,0,0,2
corphish,111,0,1,0,0,0,0,1
crawdaunt,161,0,2,0,0,0,0,2
baltoy,58,0,0,0,0,1,0,1
claydol,189,0,0,0,0,2,0,2
lileep,121,0,0,0,0,1,0,1
cradily,201,0,0,0,0,2,0,2
anorith,119,0,1,0,0,0,0,1
armaldo,200,0,2,0,0,0,0,2
feebas,61,0,0,0,0,0,1,1
milotic,213,0,0,0,0,2,0,2
castform,145,1,0,0,0,0,0,1
kecleon,132,0,0,0,0,1,0,1
shuppet,97,0,1,0,0,0,0,1
banette,179,0,2,0,0,0,0,2
duskull,97,0,0,1,0,1,0,2
dusclops,179,0,0,1,0,2,0,3
tropius,169,2,0,0,0,0,0,2
chimecho,147,0,0,0,1,1,0,2
absol,174,0,2,0,0,0,0,2
wynaut,44,1,0,0,0,0,0,1
snorunt,74,1,0,0,0,0,0,1
glalie,187,2,0,0,0,0,0,2
spheal,75,1,0,0,0,0,0,1
sealeo,128,2,0,0,0,0,0,2
walrein,192,3,0,0,0,0,0,3
clamperl,142,0,0,1,0,0,0,1
huntail,178,0,1,1,0,0,0,2
gorebyss,178,0,0,0,2,0,0,2
relicanth,198,1,0,1,0,0,0,2
luvdisc,110,0,0,0,0,0,1,1
bagon,89,0,1,0,0,0,0,1
shelgon,144,0,0,2,0,0,0,2
salamence,218,0,3,0,0,0,0,3
beldum,103,0,0,1,0,0,0,1
metang,153,0,0,2,0,0,0,2
metagross,210,0,0,3,0,0,0,3
regirock,217,0,0,3,0,0,0,3
regice,216,0,0,0,0,3,0,3
registeel,215,0,0,2,0,1,0,3
latias,211,0,0,0,0,3,0,3
latios,211,0,0,0,3,0,0,3
kyogre,218,0,0,0,3,0,0,3
groudon,218,0,3,0,0,0,0,3
rayquaza,220,0,2,0,1,0,0,3
jirachi,215,3,0,0,0,0,0,3
deoxys,215,0,1,0,1,0,1,3